6377.0
6095.000000000001
10198.000000000002
13498.999999999998
8449.000000000002
9960.000000000002
16900.0
17199.0
15750.0
22018.000000000004
31400.499999999996
17669.0
8238.000000000002
18920.0
8778.000000000005
16499.999999999993
6529.000000000001
9095.0
9279.0
15510.0
7999.000000000001
10245.0
9989.000000000004
6938.000000000002
6784.999999999996
6479.000000000001
18150.0
34028.0
9988.000000000002
32527.999999999993
8358.0
12170.000000000002
16515.0
40960.0
8921.0
8495.000000000004
15645.0
7898.000000000001
7608.999999999999
9258.000000000002
15689.999999999998
